,tcap,num_visitors,position_in_earning,organ_num_q,diver,con_rating_strength,eps_revision_40d_1d,vol,brd_index,technical,value,growth,1,2,3,交通运输,休闲服务,传媒,公用事业,农林牧渔,化工,医药生物,商业贸易,商贸零售,国防军工,基础化工,家用电器,建筑材料,建筑装饰,房地产,有色金属,机械设备,汽车,煤炭,环保,电力设备,电子,电子元器件,电气设备,石油石化,社会服务,纺织服装,纺织服饰,综合,美容护理,计算机,轻工制造,通信,钢铁,银行,非银金融,食品饮料,餐饮旅游,mutual,broker,foreign
tcap,1.0,0.15068156786909961,0.1615428908400742,0.479030868690148,0.102109156002609,0.12830293080099883,0.005201871806179675,-0.08144338589180776,0.3524174135163453,0.03744966741339017,0.08962559154352018,0.03342813581697324,-0.0049754002767057005,0.007941778533031412,-0.0027467952428228623,0.0034178431255596233,-0.02751788609476209,-0.015856132851037777,-0.01168197879650002,0.08137318501645203,-0.08960716568198542,0.027637484351438184,0.08327796912438273,-0.007563186367320792,-0.013616493652228523,-0.011543637540907264,0.023039227071207598,-0.023742677966825235,-0.04452494110094365,0.006396318526624375,-0.02748637138928375,-0.09685529632353336,0.12313799902974747,0.010863410529617236,-0.032511999178325,-0.01776114193998015,-0.009387427836601056,0.04138325024142703,-0.03090876624803933,0.002631840097063542,-0.023401351428207644,-0.03684808265036452,-0.012783925589911581,-0.0027247915004023652,-0.0018981395884445985,-0.006625909525846143,-0.05252039329385042,-0.028306924799846547,0.010838180497455182,0.12868379550474587,0.20796035807452898,0.10134370980190505,0.004217944202458282,-0.05698751507520171,-0.09092612033746209,0.2617606884672815
num_visitors,0.15068156786909961,1.0,0.11627817038755266,0.17055522032019246,-0.017224260978405834,0.12045531734979506,0.02794171596168054,0.07899428103278941,0.01822865111116972,0.04253795384113972,0.13892778054465738,0.038919045887648634,0.03920439006086655,-0.006822948117294291,-0.00740943247217814,-0.026773401163505964,-0.01203198965863661,0.02461906206738246,-0.026705550058822303,-0.009095240738350344,-0.0465286850987475,0.05324846653182717,-0.022575109311091527,-0.004405440787315294,0.0009494635868067367,0.001940789437608851,0.000676185462666983,-0.011755589524637075,-0.04075749034206465,-0.03496362922545793,-0.030646690289146752,-0.025075395957777327,-0.041511761419653154,-0.0034941793026209843,0.005978075614899964,0.02924154281939386,0.07012061014698735,-0.0060214245286519886,-0.027543736707071095,-0.010467455884910947,0.010751221237656015,0.0235310379851175,0.030179325312739105,-0.0030698880724881515,0.031674506695667244,0.07009064970095515,-0.006538883434623564,-0.006210196116525081,0.0004997928325513181,-0.004344932912808983,-0.03287087356137619,0.001747864687668785,0.04450413275743483,0.294013184590509,0.2252683271510774,0.37707729107934435
position_in_earning,0.1615428908400742,0.11627817038755266,1.0,-0.02525206828220723,-0.058363389067980755,0.11035926219449116,0.037247523298484,-0.02066591351021868,0.31413201929876955,-0.003111420857999611,-0.05068434726242675,0.0006897211212567718,0.0715428911399323,-0.032851978653167774,0.023430092458267642,0.01701621802984188,-0.03789297786696492,0.025171009177612856,-0.010605041850553849,0.018977075478739423,-0.005194542809063745,-0.020895240832416246,-0.06433040545637059,0.004533846302820857,0.005033657371485184,0.009907103940959557,0.008630709309994005,0.022685911409837837,-0.02498609102534687,0.0018131775578227574,0.019088807436642746,0.01932530345668555,-0.019273655554126887,0.011349779502259457,-0.0400336751882868,-0.015998903860626308,0.03301094435748608,0.02764981599470506,-0.01089216955325993,-0.017568372522075403,0.007747456680956641,-0.022205021708947607,0.03706201941517402,0.0013653201699367608,0.005869399851766393,-0.012184214931504367,-0.01007283150175551,-0.008527341295098382,0.035241014714485326,0.06868237805504973,0.028262245346384524,-0.001888396817270117,-0.027484847925168164,0.005590174874670451,-0.0006522456017453704,0.11919925765154381
organ_num_q,0.479030868690148,0.17055522032019246,-0.02525206828220723,1.0,0.12525356295624687,0.22529284942384575,-0.03316533855080028,-0.1179071058835468,0.3310660889940257,-0.02347866586753114,0.034791483196939824,0.00580994052621538,-0.06917911367055826,0.03840280961880096,0.021509034305387056,-0.043029988532535285,0.0394209829730347,-0.006951135276447524,-0.05530415870889245,0.04178189709401885,-0.10102420309652729,-0.022010075681051053,0.06826831517321454,-0.017287494557831518,0.008185271673205641,-0.01811709297395553,0.09470331150255243,0.03694473469447351,0.014238688354597923,-0.024190762300410885,-0.044498183392646176,-0.06656613077848011,0.031494727806793396,-0.013830908883212537,0.021763913994629257,0.05647062358448757,-0.047199256214199334,-0.014988132253413259,-0.006209296487723951,0.009731581030759913,-0.013684124589930785,0.05123859524284486,0.03821675925170308,-0.020814442553022193,0.031465801870146935,-0.010297524358321049,0.015356845010363631,-0.011940802053681253,-0.01299516192058202,0.04722664627837804,0.030467685578158363,0.10827195111791608,0.06361685679414791,0.024887250757891943,-0.021298055449101017,0.18821848361983892
diver,0.102109156002609,-0.017224260978405834,-0.058363389067980755,0.12525356295624687,1.0,-0.0722139268212703,0.007318867520103057,0.04843671496609416,0.04842013602816555,-0.017168171995890106,0.027360981433664996,0.0907065480720111,0.008538806774793038,0.023262119557061606,-0.005453241596394337,-0.006646297067925523,0.017258861337181637,-0.010231548436240948,-0.0023460239733021,0.10843313525244658,-0.005686205600859326,-0.09554998302866174,0.15373943030165044,-0.011784011061477877,-0.0012499904513573307,0.014088876306739353,-0.03978839485045966,-0.015776216807339857,-0.016929359114607006,0.010361090537565355,0.06434198673437655,-0.035677551109129534,0.040691837745982146,0.024936189748478246,-0.01400328965557702,0.03728817233440774,-0.02828482956294743,0.06208582876055606,-0.021823072186783303,0.03662793594930241,0.009275088753362418,-0.027881699126587747,-0.021912728025714652,0.0004848686195527177,0.0036169425990811173,-0.01721511066792715,-0.026723037221247206,0.009974631119056363,0.020510419729082623,-0.04606745471933221,0.01369612040205585,-0.01680466585469814,0.02043065087800453,-0.021134596538412268,-0.018666965896309888,0.006383011870314475
con_rating_strength,0.12830293080099883,0.12045531734979506,0.11035926219449116,0.22529284942384575,-0.0722139268212703,1.0,0.07493280838696707,0.06594862722466335,0.14688654712011098,0.02924277263477236,0.0486871829620091,0.15921175098111243,0.028742100990741027,0.00181239952232475,-0.008852906308094408,-0.05346428391266808,-0.010721744187251983,-0.003928854896897299,-0.012802023761032358,0.0076706379334665975,-0.012920557129328773,-0.008908979318612995,-0.04114462616630088,-0.01387463126027259,0.007926360674567775,0.008376307170875397,0.0039185599127205305,0.039716635538706184,0.01757202700827674,0.02889054027137058,-0.035999139470008816,0.01925374899572543,-0.02021577524697201,-0.014605997167433438,-0.017453448376313498,0.02804898599840222,0.0745982611766114,-0.04418810801378765,0.02074876140957678,-0.029496759450185157,0.007565967611459228,-0.0293948919835885,0.003730264322952133,-0.0173133803889593,-0.006044040096821929,0.03821843504557408,-0.00356715980820232,-0.01389147143186097,-0.008896360138980325,-0.00723587707807406,-0.058438637519363235,-0.02305702240814395,0.009619137791381474,0.07731539349313496,0.0468677567753297,0.06365210364440235
eps_revision_40d_1d,0.005201871806179675,0.02794171596168054,0.037247523298484,-0.03316533855080028,0.007318867520103057,0.07493280838696707,1.0,0.07590441667684025,-0.01864037815144882,0.08074462546083705,-0.0003304817935379839,0.2549871566750583,0.05379542223386027,-0.06838814424284309,0.00806943813006679,-0.002547832595339856,-0.007891410439152495,0.0063340495363753,-0.0007553227020511548,-0.00033353241894898856,0.03142241596232625,-0.009133550382835217,-0.015825089352277097,0.0013334318023232677,-0.00837584059933214,0.0142849353783443,-0.011891397480588414,0.0036372261555971124,-0.017310252167894186,-0.004558031664832166,0.011287179198470871,0.0007641014525520904,0.003487524519441971,0.004905532550400201,0.001972545227498307,0.010148180010986527,0.016403249825245804,0.01958694518769792,0.004219697895224201,0.003527896520288294,-0.005174558595650953,-0.013969801809606823,0.005644060524355269,-0.0023367864882701157,-0.005807044586337225,-0.020691724144954123,-0.0024592176715163418,-0.021606016692676873,0.022515421623174898,-0.005134038257442932,0.00043666368148794003,-0.008825591084789006,-0.00566110188824538,0.029316446835722272,0.023759480120098084,-0.0025387824171140324
vol,-0.08144338589180776,0.07899428103278941,-0.02066591351021868,-0.1179071058835468,0.04843671496609416,0.06594862722466335,0.07590441667684025,1.0,-0.11452766111140891,0.19418015707312183,0.35938644632972516,0.12565473217308798,0.012450340040789418,-0.00395260523871169,0.04397141540377188,-0.04422613869684986,-0.0013918526249085098,0.04142831681844347,-0.02275119520713297,-0.026861592577798833,-0.0021900246951194226,-0.022551278184167012,-0.0418346093961818,0.022143622413250744,0.02112378751657979,0.01850198829554761,-0.036695682035815046,-0.030594317979941266,-0.015498126187119076,-0.029366459116104235,0.006959275271436606,0.02060471301173994,-0.021705007090001283,-0.005888439838852104,0.008538894842313592,0.040106957108037015,0.053991485393051646,0.0025697074340127425,0.029670085997987084,-0.015345923994147264,0.006206765626920963,-0.037456349708441875,-0.01916133181427087,0.013283450269632032,0.010463916130434134,0.08771560868727925,-0.029183628872446077,0.02549942989992174,0.0014334668540066252,-0.0776532226760214,-0.040065043724962994,-0.03695192683044867,-0.012781489061412963,0.07364572335087567,0.062947808820806,-0.01767298941597298
brd_index,0.3524174135163453,0.01822865111116972,0.31413201929876955,0.3310660889940257,0.04842013602816555,0.14688654712011098,-0.01864037815144882,-0.11452766111140891,1.0,-0.0291168834097754,-0.09406164832223539,-0.036645993028228845,0.01824134500752606,-0.008048834962750322,-0.016676917885916877,-0.02332614768737627,-0.009708723873213915,-0.05518589516789389,-0.05288167019309838,-0.008276220808168573,-0.02981696050047864,-0.0400333929456736,0.039452536871962596,-0.012388682389277485,-0.02442441396971858,-0.021152520202694394,0.03887302787812305,0.054378400976610564,0.004963680301606642,-0.02730286584098044,0.00583867386417096,0.023123135193588672,0.09474843609587662,-0.019886180130698306,-0.04378802336957646,0.005990355631642671,0.049789286344334834,0.020111042646443957,0.003912769689756834,-0.001441742180461185,-0.03770239824919195,-0.025015714779754644,0.022254590029909194,-0.017419064175352942,-0.021945981218010023,-0.005715579337712614,0.030941244156971463,-0.037725227305706675,0.0005282019301920482,0.01583881947695182,0.01681059547577698,-0.020805098913325548,-0.013670342868665456,-0.05475432548018581,-0.06509240900334495,0.14415262952003272
technical,0.03744966741339017,0.04253795384113972,-0.003111420857999611,-0.02347866586753114,-0.017168171995890106,0.02924277263477236,0.08074462546083705,0.19418015707312183,-0.0291168834097754,1.0,0.21306935733456453,0.021511242357513363,0.010578123851269071,0.02024909362102623,-0.019482016374900553,-0.004846864124407069,-0.00774037669125438,-0.006078098471162145,-0.012762026285208618,-0.004107581288224618,0.009315435485103548,0.002686223720623258,-0.014441555261353918,0.009204487828545915,0.0017452831939912055,0.01610090609317825,-0.0058573344982202815,-0.004335668156503227,-0.022494657117734282,-0.009316465111736685,0.016569000986688422,0.010529207160292483,0.004267171766823642,0.0007495772419267134,-0.008604881452091645,0.00946131867197561,0.003396508644114799,-0.0021616421929212433,0.011723839252888682,-0.0002918165756403142,-0.0022408837289302585,-0.00407300301168272,-0.004641385084350658,-0.0038625867895787547,0.002450335720053918,0.012464884734565404,-0.005197386801311958,-0.006528645476106382,0.00537519782011424,-0.012600831851337943,-0.0193806832496843,0.0026663551716972723,0.0007599442403945608,0.0582208395091262,0.04140834297230769,-0.014893495439448345
value,0.08962559154352018,0.13892778054465738,-0.05068434726242675,0.034791483196939824,0.027360981433664996,0.0486871829620091,-0.0003304817935379839,0.35938644632972516,-0.09406164832223539,0.21306935733456453,1.0,0.07959940420162304,-0.02680024941125336,0.028546148530105012,-0.008042851303826551,-0.044475386616893535,0.018270044963486255,0.056195810297301814,-0.039775436481069154,-0.03592825747302773,-0.07859362413047508,0.1612115307113097,-0.040278114361380894,0.020648341254847186,0.07980241957053034,-0.004292797012012942,-0.0263838909110681,-0.031048866174056413,-0.07684627242927253,-0.07779421349466163,-0.0009417013745277762,0.007910122382403377,-0.0867169928848232,-0.034725772559046054,-0.0032585765311528435,0.023851103858415146,0.04635100983947328,-0.03578818765446393,-0.041468083957923285,-0.031632903635082664,0.03686042737659068,-0.04643490113106384,-0.02697393533957012,0.018742558077090833,0.008612756652406855,0.14412949181648413,-0.028377141854683447,0.007855733508252088,-0.032867708414535776,-0.07139908579515038,-0.015289718164797714,0.0142606051894739,0.005910611051231832,0.06902516424962091,0.03804411067698805,0.05391513803292151
growth,0.03342813581697324,0.038919045887648634,0.0006897211212567718,0.00580994052621538,0.0907065480720111,0.15921175098111243,0.2549871566750583,0.12565473217308798,-0.036645993028228845,0.021511242357513363,0.07959940420162304,1.0,0.006433011431151593,-0.014929865125552166,0.0009125092368905126,-0.01651592294934537,0.003055996074537407,0.055038936527127345,-0.008525881918875697,0.000980880091773904,0.02617624934253223,-0.024298506249867305,-0.022571376215169133,0.014910957452993761,0.004970494682685,0.012632031649963007,-0.033744727589764975,-0.008512039457339738,-0.027313106442379758,-0.007512848208860298,0.004995129786875485,-0.01736637178255708,-0.01767457350289182,0.015685650339252226,0.014194820911498872,0.04848895005141428,0.03585560832715254,0.05959047746075296,0.005693933891265978,0.012195048717503331,0.006475693881039131,-0.04733992958430863,-0.010564516122930748,0.02224886709493874,-0.004226303752563002,0.008362171473550303,-0.025383065978352895,-0.010821187547401039,0.013943115125669397,-0.03862902741395165,0.0015954473685058585,-0.03617814942829523,-0.008320228067640075,0.03759884833764757,0.0319455898306901,0.0004877354630955088
1,-0.0049754002767057005,0.03920439006086655,0.0715428911399323,-0.06917911367055826,0.008538806774793038,0.028742100990741027,0.05379542223386027,0.012450340040789418,0.01824134500752606,0.010578123851269071,-0.02680024941125336,0.006433011431151593,1.0,-0.3056458843020065,-0.2983949682243879,-0.011016624951891736,0.0025635380887457093,0.013841176645141425,-0.0009365253072464113,0.0029246181287509152,-0.00033622619152875706,-0.002182164901969964,0.003294313542744638,0.005602754205276197,-0.007787067656166794,-0.005128117379499812,0.005329744634834695,0.0009232761751205591,0.007395782489479719,0.007030497308577237,-0.0038101177938741045,0.003412337198317503,-0.0010171689028279256,0.0020047779738129475,-0.00487909492125019,-0.0010115216938397246,0.0013784032058783355,-0.009002988179041153,-0.014887684742962292,-0.0031888356818509725,-0.002032114968895853,0.0027340109757254807,0.013262002125828594,-0.0022312189085786634,0.0036415228139747135,0.0007708209882607023,0.008391782763293365,-0.0016209701293480646,0.0027971295303076374,0.012261784643566531,-0.013170602405488072,-0.011962141216708938,0.0001749190332869656,0.040325818484320514,0.027727370283188647,0.011190748658158568
2,0.007941778533031412,-0.006822948117294291,-0.032851978653167774,0.03840280961880096,0.023262119557061606,0.00181239952232475,-0.06838814424284309,-0.00395260523871169,-0.008048834962750322,0.02024909362102623,0.028546148530105012,-0.014929865125552166,-0.3056458843020065,1.0,-0.3487069167893364,0.006132985968891756,-0.0022877126318440882,-0.005976694482751689,-0.0032485305394585095,0.005249053554000261,0.0012811340397436454,-0.0051007759302582525,-0.0004343185687945086,-0.010618934947759999,0.011074116796637558,0.00953992370500101,-0.00082174780944626,0.006896069982373924,-0.003455567573395177,-0.001495121714550046,0.009752754730785145,0.002020538142996508,-0.009503127326516612,-0.003044891383676798,-0.0022814276509245677,-0.004339678768716003,-0.013322390577125826,0.008994344170412585,-0.00030050466899762807,0.002210712333381426,0.00349979986983179,-0.004433225418558932,-0.005913760273881557,-0.002451216155063815,-0.003773291882946518,0.0013377362389643324,0.006071167686512566,0.0035507551863423518,-0.00033501580426433046,-0.0037046974612026926,0.008691933182130587,0.0068398799608640915,-0.0062729761807098095,-0.023153612140030744,-0.010736024688252051,-0.007523075061436211
3,-0.0027467952428228623,-0.00740943247217814,0.023430092458267642,0.021509034305387056,-0.005453241596394337,-0.008852906308094408,0.00806943813006679,0.04397141540377188,-0.016676917885916877,-0.019482016374900553,-0.008042851303826551,0.0009125092368905126,-0.2983949682243879,-0.3487069167893364,1.0,0.002136474333505256,0.0001354241497915908,-0.006024903736526151,0.002139322841142613,-0.00922874162176423,-0.004461910011902807,0.0033233369905101193,-0.005800930689707397,0.002253705867182623,0.0020991366910590612,0.004542650262009196,-0.004356084816255001,-0.0004417518959006773,-0.0024292007928554036,-0.003315277537748609,-0.002353109779459777,0.0002210712455690408,0.0007875713398700419,0.0017096651482952409,0.002117166930709669,0.005603052949176558,0.007495034265517348,-0.004440573914003506,0.006541141729208463,-0.00245831117486116,0.0019721739225368688,0.0017189017815811376,-0.008099772029431407,0.009123946123800497,-0.0024536586558263004,0.002353267885949626,0.0011077580561375754,-0.0033162689993973746,-0.0066364251189151265,-0.0036806588732862435,0.00028216774910632764,0.003939610155538422,0.007805070209623339,-0.009932248351032902,-0.007660211432339876,-0.003040157414482855
交通运输,0.0034178431255596233,-0.026773401163505964,0.01701621802984188,-0.043029988532535285,-0.006646297067925523,-0.05346428391266808,-0.002547832595339856,-0.04422613869684986,-0.02332614768737627,-0.004846864124407069,-0.044475386616893535,-0.01651592294934537,-0.011016624951891736,0.006132985968891756,0.002136474333505256,1.0,-0.008216262657299219,-0.020351928039458175,-0.014788383272203089,-0.019361548658977153,-0.03219134976565155,-0.037336590188015994,-0.016349826880870773,-0.0043951281203087915,-0.019320280713506055,-0.0082295655978071,-0.020351928039458365,-0.018600020543868383,-0.021740835325016767,-0.01737861858247617,-0.021111075353603174,-0.04092725086100012,-0.025189662932855267,-0.005374584626211605,-0.016541275164476798,-0.015619697247699493,-0.037263347306307995,-0.013878531994125738,-0.02723490063493219,-0.010750634309049396,-0.010811917062483531,-0.016609153802481697,-0.008176226373630234,-0.0029820372447911343,-0.007778787535981193,-0.03702202755335963,-0.021698285709558007,-0.019965635502956727,-0.007134352811962695,-0.009931722800318607,-0.012148129923250558,-0.020182317253129807,-0.004320321297103917,-0.02969711204388612,-0.030530976776651272,-0.0026203601497445865
休闲服务,-0.02751788609476209,-0.01203198965863661,-0.03789297786696492,0.0394209829730347,0.017258861337181637,-0.010721744187251983,-0.007891410439152495,-0.0013918526249085098,-0.009708723873213915,-0.00774037669125438,0.018270044963486255,0.003055996074537407,0.0025635380887457093,-0.0022877126318440882,0.0001354241497915908,-0.008216262657299219,1.0,-0.011490554122774197,-0.00834941623457622,-0.010931392953796344,-0.018175007598799958,-0.021079973822798023,-0.009230996213646262,-0.0024814581421976796,-0.010908093364683598,-0.00464635432698026,-0.011490554122774492,-0.010501439584970147,-0.01227472131839738,-0.009811844706498507,-0.011919163308274194,-0.023107235353962804,-0.014221904907645681,-0.003034452333714133,-0.009339086555761144,-0.008818770204870471,-0.02103862141162883,-0.007835720660665232,-0.015376631598113798,-0.006069731828001107,-0.00610433163563404,-0.009377410353008417,-0.004616239379586363,-0.0016836370633273262,-0.0043918482326814326,-0.02090237399188716,-0.012250698107506392,-0.011272456098386308,-0.004028004961391748,-0.005607380202416063,-0.0068587479330200285,-0.011394793076629897,-0.0024392227407594963,-0.0043310672615553825,0.002453911562524601,-0.01643350211951812
传媒,-0.015856132851037777,0.02461906206738246,0.025171009177612856,-0.006951135276447524,-0.010231548436240948,-0.003928854896897299,0.0063340495363753,0.04142831681844347,-0.05518589516789389,-0.006078098471162145,0.056195810297301814,0.055038936527127345,0.013841176645141425,-0.005976694482751689,-0.006024903736526151,-0.020351928039458175,-0.011490554122774197,1.0,-0.02068175342795558,-0.027077386890627865,-0.045020036748554086,-0.05221572486294821,-0.022865453370790333,-0.0061466459446827,-0.027019673112387302,-0.01150915846446548,-0.02846244580952515,-0.026012379552418693,-0.030404851377834635,-0.024304232438771098,-0.029524123565480866,-0.05723731223427985,-0.0352280832949376,-0.007516429076187331,-0.0231331963770988,-0.021844357232980612,-0.05211329370519724,-0.01940931414619366,-0.03808837580138159,-0.015034907053822636,-0.015120611810900119,-0.023228125567694453,-0.011434562840173086,-0.004170419299699656,-0.01087873926624661,-0.051775804776494676,-0.030345345166832297,-0.027922210488062205,-0.009977488614485847,-0.013889648265817341,-0.016989323515552334,-0.028225242837638997,-0.006042027593658629,0.01583178724564934,0.014065840411045978,-0.017877631299004264
公用事业,-0.01168197879650002,-0.026705550058822303,-0.010605041850553849,-0.05530415870889245,-0.0023460239733021,-0.012802023761032358,-0.0007553227020511548,-0.02275119520713297,-0.05288167019309838,-0.012762026285208618,-0.039775436481069154,-0.008525881918875697,-0.0009365253072464113,-0.0032485305394585095,0.002139322841142613,-0.014788383272203089,-0.00834941623457622,-0.02068175342795558,1.0,-0.019675323859831763,-0.032713046010947044,-0.03794167071601631,-0.016614793816307646,-0.004466356007758348,-0.019633387121894698,-0.00836293476387345,-0.020681753427955755,-0.018901454343655987,-0.022093169484386423,-0.017660258219486965,-0.021453203559667896,-0.04159052199625538,-0.02559788913859117,-0.0054616856841023355,-0.016809344730013335,-0.015872831629019493,-0.03786724085281607,-0.014103448876588353,-0.027676272168144906,-0.010924860167685568,-0.01098713607557279,-0.01687832341603848,-0.008308731118876056,-0.0030303644396824773,-0.007904851347533584,-0.03762201024773084,-0.022049930305588637,-0.020289200595836217,-0.007249972849696976,-0.010092677296851545,-0.012345003736074634,-0.020509393912200802,-0.004390336857668512,-0.010730022539800411,-0.0018567749252277237,-0.017474923968893656
农林牧渔,0.08137318501645203,-0.009095240738350344,0.018977075478739423,0.04178189709401885,0.10843313525244658,0.0076706379334665975,-0.00033353241894898856,-0.026861592577798833,-0.008276220808168573,-0.004107581288224618,-0.03592825747302773,0.000980880091773904,0.0029246181287509152,0.005249053554000261,-0.00922874162176423,-0.019361548658977153,-0.010931392953796344,-0.027077386890627865,-0.019675323859831763,1.0,-0.04282924106483257,-0.04967476770444841,-0.0217527591091024,-0.005847533674290892,-0.025704823380903977,-0.010949091958344004,-0.027077386890627785,-0.024746547426046286,-0.028925269796531202,-0.023121523330369844,-0.02808740056069554,-0.05445199117176999,-0.03351379031780383,-0.007150659486324731,-0.02200747302292424,-0.02078135224684551,-0.049577321121444445,-0.01846480488483986,-0.03623489332264261,-0.014303268169060388,-0.014384802302889986,-0.022097782704606547,-0.010878126357115278,-0.003967475515976746,-0.010349350648419747,-0.04925625530879698,-0.02886865931728812,-0.026563440868240105,-0.009491957269562838,-0.01321374074403711,-0.016162577486109428,-0.026851726851278058,-0.005748006332702138,0.018401807040995116,0.01955412699287392,-0.00976224491665245
化工,-0.08960716568198542,-0.0465286850987475,-0.005194542809063745,-0.10102420309652729,-0.005686205600859326,-0.012920557129328773,0.03142241596232625,-0.0021900246951194226,-0.02981696050047864,0.009315435485103548,-0.07859362413047508,0.02617624934253223,-0.00033622619152875706,0.0012811340397436454,-0.004461910011902807,-0.03219134976565155,-0.018175007598799958,-0.045020036748554086,-0.032713046010947044,-0.04282924106483257,1.0,-0.08259142126835853,-0.03616707987480162,-0.009722362869369346,-0.04273795318203154,-0.01820443473068544,-0.045020036748553954,-0.041144682055937035,-0.04809240693947538,-0.03844284657970866,-0.04669932924183061,-0.09053424000945698,-0.055721479985689805,-0.011888996310872613,-0.03659057826506115,-0.0345519767330822,-0.08242940235694836,-0.030700384709504782,-0.06024570375104868,-0.023781233440159335,-0.023916795624061977,-0.03674073105508226,-0.018086444247035434,-0.006596496709587876,-0.017207278841105254,-0.08189558442457136,-0.04799828390366762,-0.044165527821672455,-0.015781739457264427,-0.021969737932441575,-0.02687260167737464,-0.04464484458894,-0.009556884398573239,-0.00496075132248929,0.014649882056263691,-0.05102086497976941
医药生物,0.027637484351438184,0.05324846653182717,-0.020895240832416246,-0.022010075681051053,-0.09554998302866174,-0.008908979318612995,-0.009133550382835217,-0.022551278184167012,-0.0400333929456736,0.002686223720623258,0.1612115307113097,-0.024298506249867305,-0.002182164901969964,-0.0051007759302582525,0.0033233369905101193,-0.037336590188015994,-0.021079973822798023,-0.05221572486294821,-0.03794167071601631,-0.04967476770444841,-0.08259142126835853,1.0,-0.041947773218989085,-0.011276317419288483,-0.04956888900429768,-0.021114104381833167,-0.05221572486294847,-0.047720960553753515,-0.05577916123822817,-0.04458728257299925,-0.054163423734965514,-0.105004600360787,-0.06462761201505238,-0.01378925041159715,-0.04243896063292279,-0.040074523275984264,-0.09560434208721201,-0.03560731969481645,-0.06987495609586436,-0.027582259631379745,-0.027739489127571147,-0.04261311279576733,-0.02097725512368836,-0.007650834653266715,-0.019957570062091153,-0.09498520242636503,-0.055669994234023724,-0.05122463719973259,-0.018304182423522913,-0.025481227338808757,-0.031167730567933826,-0.051780564610046126,-0.011084390025934948,0.008445653659606853,-0.011092872885105767,0.015290126833602282
商业贸易,0.08327796912438273,-0.022575109311091527,-0.06433040545637059,0.06826831517321454,0.15373943030165044,-0.04114462616630088,-0.015825089352277097,-0.0418346093961818,0.039452536871962596,-0.014441555261353918,-0.040278114361380894,-0.022571376215169133,0.003294313542744638,-0.0004343185687945086,-0.005800930689707397,-0.016349826880870773,-0.009230996213646262,-0.022865453370790333,-0.016614793816307646,-0.0217527591091024,-0.03616707987480162,-0.041947773218989085,1.0,-0.004937939879638236,-0.02170639444620441,-0.009245942107975724,-0.022865453370789744,-0.020897179943688067,-0.02442589495218329,-0.019524931106081236,-0.02371835769904284,-0.04598189146219762,-0.028300663313098613,-0.006038362258344295,-0.018584173216092938,-0.01754877760921169,-0.041865484617478,-0.015592573123855289,-0.030598494123936386,-0.012078370512287344,-0.012147221873119812,-0.018660435073404737,-0.009186015326548181,-0.0033503279609938,-0.008739491577427753,-0.041594361137294554,-0.02437809032913542,-0.02243145252508487,-0.00801546719487341,-0.011158320928710783,-0.013648461107165952,-0.022674895133828546,-0.004853894185073634,-0.022262481334725033,-0.027212662809927013,0.004637173277714842
商贸零售,-0.007563186367320792,-0.004405440787315294,0.004533846302820857,-0.017287494557831518,-0.011784011061477877,-0.01387463126027259,0.0013334318023232677,0.022143622413250744,-0.012388682389277485,0.009204487828545915,0.020648341254847186,0.014910957452993761,0.005602754205276197,-0.010618934947759999,0.002253705867182623,-0.0043951281203087915,-0.0024814581421976796,-0.0061466459446827,-0.004466356007758348,-0.005847533674290892,-0.009722362869369346,-0.011276317419288483,-0.004937939879638236,1.0,-0.005835070017325325,-0.002485475867946729,-0.006146645944682657,-0.005617538575476586,-0.0065661207638628,-0.005248653357414658,-0.00637592199906237,-0.012360761105485596,-0.007607728329914062,-0.0016232205977246058,-0.004995760682353316,-0.004717427683441169,-0.011254196760206229,-0.00419156466328156,-0.008225426663114209,-0.0032468836687299923,-0.0032653921553532387,-0.005016261243981457,-0.002469366469105296,-0.0009006285351466654,-0.002349332838141273,-0.011181313882576541,-0.006553270019657955,-0.006029978695842965,-0.0021547020358251606,-0.002999557759635079,-0.0036689523166284423,-0.0060954204563682494,-0.001304814233279737,0.0014242301133438647,0.0009297285527084247,-0.008571212347482125
国防军工,-0.013616493652228523,0.0009494635868067367,0.005033657371485184,0.008185271673205641,-0.0012499904513573307,0.007926360674567775,-0.00837584059933214,0.02112378751657979,-0.02442441396971858,0.0017452831939912055,0.07980241957053034,0.004970494682685,-0.007787067656166794,0.011074116796637558,0.0020991366910590612,-0.019320280713506055,-0.010908093364683598,-0.027019673112387302,-0.019633387121894698,-0.025704823380903977,-0.04273795318203154,-0.04956888900429768,-0.02170639444620441,-0.005835070017325325,1.0,-0.010925754644896054,-0.027019673112387232,-0.02469380168820514,-0.028863617369975725,-0.023072241231049936,-0.028027534000681482,-0.05433593011477264,-0.03344235774307924,-0.0071354182971532535,-0.02196056545304642,-0.0207370580776942,-0.04947165012266884,-0.018425448293353006,-0.03615766088488072,-0.014272781636125687,-0.014354141984983533,-0.0220506826452189,-0.010854940302464419,-0.003959019086889622,-0.010327291646542185,-0.049151268641976636,-0.028807127552473787,-0.02650682253421168,-0.009471725748731959,-0.013185576471535026,-0.016128127950170396,-0.02679449405347787,-0.0057357548121195895,0.02433882049895071,0.01753833064322081,-0.033201844127520155
基础化工,-0.011543637540907264,0.001940789437608851,0.009907103940959557,-0.01811709297395553,0.014088876306739353,0.008376307170875397,0.0142849353783443,0.01850198829554761,-0.021152520202694394,0.01610090609317825,-0.004292797012012942,0.012632031649963007,-0.005128117379499812,0.00953992370500101,0.004542650262009196,-0.0082295655978071,-0.00464635432698026,-0.01150915846446548,-0.00836293476387345,-0.010949091958344004,-0.01820443473068544,-0.021114104381833167,-0.009245942107975724,-0.002485475867946729,-0.010925754644896054,1.0,-0.011509158464465546,-0.01051844245256037,-0.01229459530420639,-0.009827731051889848,-0.011938461610556938,-0.02314464824958734,-0.014244931575948278,-0.003039365411661363,-0.009354207459027404,-0.008833048664589081,-0.021072685017027717,-0.007848407466106393,-0.015401527882944932,-0.006079559323150196,-0.006114215151288178,-0.009392593306286523,-0.0046237135269449284,-0.0016863630379734794,-0.00439895906861706,-0.020936216999260356,-0.01227053319736467,-0.011290707317841235,-0.0040345266991457015,-0.005616459104631151,-0.006869852923149855,-0.011413242371732244,-0.0024431720832233223,0.008418202103043714,0.008282868860941265,-0.008834590451773237
家用电器,0.023039227071207598,0.000676185462666983,0.008630709309994005,0.09470331150255243,-0.03978839485045966,0.0039185599127205305,-0.011891397480588414,-0.036695682035815046,0.03887302787812305,-0.0058573344982202815,-0.0263838909110681,-0.033744727589764975,0.005329744634834695,-0.00082174780944626,-0.004356084816255001,-0.020351928039458365,-0.011490554122774492,-0.02846244580952515,-0.020681753427955755,-0.027077386890627785,-0.045020036748553954,-0.05221572486294847,-0.022865453370789744,-0.006146645944682657,-0.027019673112387232,-0.011509158464465546,1.0,-0.026012379552418686,-0.03040485137783462,-0.024304232438771115,-0.029524123565480544,-0.05723731223427921,-0.035228083294937526,-0.007516429076187286,-0.0231331963770985,-0.02184435723298057,-0.05211329370519648,-0.01940931414619336,-0.03808837580138193,-0.015034907053823002,-0.015120611810899956,-0.02322812556769357,-0.011434562840173076,-0.004170419299699608,-0.01087873926624642,-0.05177580477649566,-0.0303453451668322,-0.02792221048806155,-0.009977488614485686,-0.013889648265817262,-0.016989323515552133,-0.028225242837639324,-0.0060420275936585105,-0.002026320144969621,-0.004437322367281968,0.027766066235306777
建筑材料,-0.023742677966825235,-0.011755589524637075,0.022685911409837837,0.03694473469447351,-0.015776216807339857,0.039716635538706184,0.0036372261555971124,-0.030594317979941266,0.054378400976610564,-0.004335668156503227,-0.031048866174056413,-0.008512039457339738,0.0009232761751205591,0.006896069982373924,-0.0004417518959006773,-0.018600020543868383,-0.010501439584970147,-0.026012379552418693,-0.018901454343655987,-0.024746547426046286,-0.041144682055937035,-0.047720960553753515,-0.020897179943688067,-0.005617538575476586,-0.02469380168820514,-0.01051844245256037,-0.026012379552418686,1.0,-0.02778758155809832,-0.022212107952997866,-0.026982667381338463,-0.052310286345811495,-0.03219562646529412,-0.006869409864390121,-0.0211418754540184,-0.019963980440245853,-0.04762734673815771,-0.017738547481184842,-0.034809703091262176,-0.013740692259429508,-0.013819019494041174,-0.021228633076778268,-0.010450268069198259,-0.003811426833888422,-0.009942290158026532,-0.04731890908080069,-0.027733197681297794,-0.025518648046575356,-0.009118619761520433,-0.012694018109263109,-0.01552687125283776,-0.025795595170045673,-0.005521925841659029,0.004367283778091264,0.011105346715859091,-0.0031998409785338913
建筑装饰,-0.04452494110094365,-0.04075749034206465,-0.02498609102534687,0.014238688354597923,-0.016929359114607006,0.01757202700827674,-0.017310252167894186,-0.015498126187119076,0.004963680301606642,-0.022494657117734282,-0.07684627242927253,-0.027313106442379758,0.007395782489479719,-0.003455567573395177,-0.0024292007928554036,-0.021740835325016767,-0.01227472131839738,-0.030404851377834635,-0.022093169484386423,-0.028925269796531202,-0.04809240693947538,-0.05577916123822817,-0.02442589495218329,-0.0065661207638628,-0.028863617369975725,-0.01229459530420639,-0.03040485137783462,-0.02778758155809832,1.0,-0.02596286278763385,-0.03153898280831697,-0.06114344436160692,-0.03763220645465792,-0.008029384069201425,-0.024711909947828924,-0.023335114612350844,-0.05566973971666521,-0.020733893211777422,-0.040687698211675526,-0.016060956866118775,-0.0161525105020486,-0.024813317534189312,-0.012214908938346421,-0.004455027506743073,-0.01162115345891126,-0.055309219022571174,-0.03241624827258704,-0.029827747963459567,-0.01065839740118028,-0.014837540457301178,-0.01814875151479216,-0.030151460606189347,-0.006454362785101408,0.0011104688329276716,0.016404388097335656,-0.03538003745618152
房地产,0.006396318526624375,-0.03496362922545793,0.0018131775578227574,-0.024190762300410885,0.010361090537565355,0.02889054027137058,-0.004558031664832166,-0.029366459116104235,-0.02730286584098044,-0.009316465111736685,-0.07779421349466163,-0.007512848208860298,0.007030497308577237,-0.001495121714550046,-0.003315277537748609,-0.01737861858247617,-0.009811844706498507,-0.024304232438771098,-0.017660258219486965,-0.023121523330369844,-0.03844284657970866,-0.04458728257299925,-0.019524931106081236,-0.005248653357414658,-0.023072241231049936,-0.009827731051889848,-0.024304232438771115,-0.022212107952997866,-0.02596286278763385,1.0,-0.02521080466831505,-0.04887524248695738,-0.03008144593413731,-0.006418318390475425,-0.019753558269843603,-0.018653011734086924,-0.04449981606770887,-0.016573715612603495,-0.032523864775606134,-0.012838386348693111,-0.012911570092319384,-0.019834618805852976,-0.009764033455279994,-0.003561143012984304,-0.009289412776998697,-0.04421163249334011,-0.025912050120533908,-0.02384292265139833,-0.008519830096979977,-0.011860443835512489,-0.014507272862730562,-0.024101683571309693,-0.005159319196265225,0.0037866907159011206,0.003691696445739719,-0.024234427146051875
有色金属,-0.02748637138928375,-0.030646690289146752,0.019088807436642746,-0.044498183392646176,0.06434198673437655,-0.035999139470008816,0.011287179198470871,0.006959275271436606,0.00583867386417096,0.016569000986688422,-0.0009417013745277762,0.004995129786875485,-0.0038101177938741045,0.009752754730785145,-0.002353109779459777,-0.021111075353603174,-0.011919163308274194,-0.029524123565480866,-0.021453203559667896,-0.02808740056069554,-0.04669932924183061,-0.054163423734965514,-0.02371835769904284,-0.00637592199906237,-0.028027534000681482,-0.011938461610556938,-0.029524123565480544,-0.026982667381338463,-0.03153898280831697,-0.02521080466831505,1.0,-0.0593723213482703,-0.03654212611014389,-0.007796799414274584,-0.023996087787839272,-0.022659173651871423,-0.054057171792366486,-0.020133301017358798,-0.03950911039388388,-0.015595724156074825,-0.015684625786490942,-0.024094557932390095,-0.011861083494713043,-0.0043259801194944015,-0.011284527144389598,-0.053707094188366604,-0.03147725695600284,-0.028963736925061472,-0.010349658940015388,-0.014407746067409754,-0.017623042310693497,-0.02927807268500008,-0.006267401278688525,-0.009252442400903489,0.005894853744747578,-0.022655494218222053
机械设备,-0.09685529632353336,-0.025075395957777327,0.01932530345668555,-0.06656613077848011,-0.035677551109129534,0.01925374899572543,0.0007641014525520904,0.02060471301173994,0.023123135193588672,0.010529207160292483,0.007910122382403377,-0.01736637178255708,0.003412337198317503,0.002020538142996508,0.0002210712455690408,-0.04092725086100012,-0.023107235353962804,-0.05723731223427985,-0.04159052199625538,-0.05445199117176999,-0.09053424000945698,-0.105004600360787,-0.04598189146219762,-0.012360761105485596,-0.05433593011477264,-0.02314464824958734,-0.05723731223427921,-0.052310286345811495,-0.06114344436160692,-0.04887524248695738,-0.0593723213482703,1.0,-0.0708428508379541,-0.015115362917145178,-0.04652031638018185,-0.04392849103230683,-0.10479861370040124,-0.039031676387666206,-0.07659483211069157,-0.030234846127138764,-0.03040719638732464,-0.04671121676023381,-0.02299463819537413,-0.008386615584697343,-0.021876889999702012,-0.10411993136519605,-0.061023778764286545,-0.056150911649399365,-0.020064496036744914,-0.027931757514276862,-0.034165131879967406,-0.05676030261059423,-0.01215037605062845,-0.01824483508551941,-0.017436899187980612,0.005586296754804964
汽车,0.12313799902974747,-0.041511761419653154,-0.019273655554126887,0.031494727806793396,0.040691837745982146,-0.02021577524697201,0.003487524519441971,-0.021705007090001283,0.09474843609587662,0.004267171766823642,-0.0867169928848232,-0.01767457350289182,-0.0010171689028279256,-0.009503127326516612,0.0007875713398700419,-0.025189662932855267,-0.014221904907645681,-0.0352280832949376,-0.02559788913859117,-0.03351379031780383,-0.055721479985689805,-0.06462761201505238,-0.028300663313098613,-0.007607728329914062,-0.03344235774307924,-0.014244931575948278,-0.035228083294937526,-0.03219562646529412,-0.03763220645465792,-0.03008144593413731,-0.03654212611014389,-0.0708428508379541,1.0,-0.00930311440374524,-0.028632049905487834,-0.027036848529379744,-0.06450083256042066,-0.024022985937873782,-0.04714213543977787,-0.01860876474102824,-0.018714841862484854,-0.02874954414529393,-0.01415260427268003,-0.005161744687993804,-0.013464659206728555,-0.06408312116024842,-0.03755855537871769,-0.03455943187155907,-0.012349177661596367,-0.017191273347346686,-0.021027753831689557,-0.03493449622559937,-0.00747824177739786,-0.046221461768758625,-0.03556091979868496,0.01434227507354187
